1.8162393162393162E-4
5.555555555555556E-4
0.0019444444444444444
0.005074786324786324
0.01066239316239316
0.01827991452991453
0.027681623931623933
0.03875
0.05001068376068376
0.06252136752136753
0.07469017094017094
0.08669871794871795
0.09827991452991452
0.10971153846153846
0.1217628205128205
0.13356837606837607
0.14432692307692307
0.15502136752136753
0.16441239316239317
0.17339743589743592
0.1822863247863248
0.19047008547008548
0.19836538461538464
0.20589743589743592
0.2130769230769231
0.2198717948717949
0.22586538461538463
0.232232905982906
0.23829059829059832
0.2445192307692308
0.25043803418803423
0.2561858974358975
0.2614209401709402
0.26695512820512823
0.2722863247863248
0.2775961538461539
0.282724358974359
0.2881517094017094
0.29366452991452996
0.2993803418803419
0.3045192307692308
0.3102564102564103
0.3159935897435898
0.3221153846153847
0.3283547008547009
0.3344551282051283
0.34077991452991463
0.3472008547008548
0.35333333333333344
0.35930555555555566
0.365363247863248
0.37172008547008556
0.37803418803418815
0.38466880341880355
0.3914423076923078
0.3980128205128206
0.40457264957264966
0.4116880341880343
0.4188141025641027
0.4260363247863249
0.43254273504273516
0.43871794871794884
0.44485042735042746
0.4508333333333334
0.45665598290598297
0.4623290598290599
0.4678739316239317
0.47376068376068387
0.47960470085470097
0.4852777777777779
0.4917735042735044
0.498397435897436
0.5051175213675215
0.5116880341880343
0.5191773504273506
0.5262072649572651
0.5329700854700856
0.5388568376068378
0.5448824786324789
0.5512713675213677
0.5571688034188036
0.5633333333333335
0.5700427350427352
0.5768269230769232
0.5838247863247864
0.5911004273504274
0.5982905982905984
0.6057264957264958
0.6132051282051283
0.6210470085470087
0.628931623931624
0.6375427350427352
0.6467521367521369
0.6551923076923079
0.6644444444444446
0.673311965811966
0.6820085470085472
0.6910363247863249
0.7003739316239318
0.7088141025641027
0.7172863247863249
0.7259722222222224
0.7337713675213676
0.7418589743589744
0.7498931623931624
0.7576602564102564
0.7661965811965812
0.7738568376068375
0.7817521367521367
0.7895192307692307
0.7970192307692306
0.8034401709401708
0.809594017094017
0.8163034188034187
0.82258547008547
0.8289423076923076
0.8345726495726494
0.8401923076923076
0.8458119658119657
0.8517200854700854
0.8574465811965811
0.8628525641025641
0.8676923076923077
0.8717200854700854
0.8756089743589743
0.8791773504273505
0.8823611111111112
0.885491452991453
0.8880769230769231
0.8904059829059829
0.8923504273504274
0.8941452991452992
0.8957799145299146
0.897147435897436
0.8985149572649573
0.8996581196581197
0.9008119658119659
0.9018162393162393
0.9028846153846154
0.9038461538461539
0.9047222222222222
0.9054807692307693
0.9066773504273504
0.9075641025641026
0.9083867521367521
0.909551282051282
0.910352564102564
0.9113034188034187
0.9120619658119657
0.9132585470085469
0.9141132478632478
0.9150641025641024
0.9160576923076922
0.9170299145299144
0.9180235042735042
0.9190064102564102
0.9199893162393161
0.9209188034188033
0.9218589743589742
0.9229807692307691
0.924145299145299
0.9251816239316237
0.9261752136752135
0.9272542735042734
0.9282905982905981
0.929412393162393
0.9307905982905981
0.9323504273504272
0.9339423076923075
0.9355341880341878
0.9377670940170937
0.9401816239316236
0.9429166666666664
0.9454914529914528
0.9484188034188031
0.951282051282051
0.9538568376068374
0.955972222222222
0.9574679487179485
0.9586858974358972
0.9596794871794869
0.9606089743589741
0.9616666666666663
0.9623824786324783
0.9630769230769227
0.9636965811965809
0.9643696581196578
0.9653098290598288
0.9661111111111108
0.967264957264957
0.9682478632478629
0.969273504273504
0.970480769230769
0.9718269230769229
0.9736217948717947
0.9765277777777776
0.9802564102564101
0.9832905982905981
0.9859508547008544
0.9888354700854698
0.9921794871794869
0.9956196581196578
0.9981837606837604
0.9993269230769227
0.9998183760683758
0.9998931623931621
0.9999465811965809
0.9999572649572647
0.9999679487179485
0.9999679487179485
0.9999679487179485
0.9999679487179485
0.9999679487179485
0.9999679487179485
0.9999679487179485
0.9999679487179485
0.9999679487179485
0.9999679487179485
0.9999679487179485
0.9999679487179485
0.9999679487179485
0.9999679487179485
0.9999679487179485
0.9999679487179485
0.9999679487179485
0.9999679487179485
0.9999679487179485
0.9999679487179485
0.9999679487179485
0.9999679487179485
0.9999679487179485
0.9999679487179485
0.9999679487179485
0.9999679487179485
0.9999679487179485
0.9999679487179485
0.9999679487179485
0.9999679487179485
0.9999679487179485
0.9999679487179485
0.9999679487179485
0.9999679487179485
0.9999679487179485
0.9999679487179485
0.9999679487179485
0.9999679487179485
0.9999679487179485
0.9999679487179485
0.9999679487179485
0.9999679487179485
0.9999679487179485
0.9999679487179485
0.9999679487179485
0.9999679487179485
0.9999679487179485
