1.0683760683760684E-5
1.6025641025641026E-4
8.333333333333333E-4
0.0022970085470085467
0.005641025641025641
0.009989316239316239
0.014465811965811965
0.019775641025641024
0.02594017094017094
0.03349358974358974
0.04155982905982906
0.05072649572649572
0.059113247863247856
0.06924145299145298
0.0797008547008547
0.0894017094017094
0.10019230769230769
0.11175213675213674
0.12278846153846153
0.13339743589743588
0.1439636752136752
0.153525641025641
0.162767094017094
0.17165598290598288
0.1802136752136752
0.1875
0.19432692307692306
0.2006730769230769
0.20644230769230767
0.21221153846153845
0.2177457264957265
0.22342948717948719
0.22896367521367522
0.23384615384615384
0.23893162393162393
0.24377136752136752
0.24878205128205128
0.25324786324786325
0.25819444444444445
0.26251068376068376
0.26708333333333334
0.2718055555555556
0.2760470085470086
0.2802564102564103
0.2850747863247864
0.2897863247863248
0.29463675213675217
0.29931623931623935
0.3043055555555556
0.30902777777777785
0.3135683760683761
0.31833333333333336
0.32292735042735043
0.32792735042735044
0.333482905982906
0.33931623931623933
0.3450427350427351
0.3505982905982906
0.35602564102564105
0.3605128205128205
0.3654380341880342
0.3697649572649573
0.37502136752136755
0.37994658119658126
0.38496794871794876
0.39002136752136757
0.39504273504273507
0.4002029914529915
0.4055448717948718
0.41083333333333333
0.41604700854700855
0.42115384615384616
0.4268696581196581
0.43243589743589744
0.43719017094017093
0.4423931623931624
0.4482905982905983
0.4547115384615385
0.4603632478632479
0.4660683760683761
0.4713568376068376
0.47676282051282054
0.48276709401709406
0.4888141025641026
0.4953632478632479
0.5021581196581197
0.5093055555555557
0.5173611111111113
0.5257158119658121
0.5332478632478633
0.540940170940171
0.5487820512820514
0.5567094017094018
0.5639209401709402
0.5715705128205129
0.579017094017094
0.5866666666666667
0.5944444444444444
0.602051282051282
0.6099572649572649
0.6183760683760683
0.6255341880341879
0.6334722222222221
0.6413675213675213
0.6496794871794871
0.6581410256410255
0.6672649572649572
0.6765705128205127
0.6866880341880341
0.6971367521367521
0.7059829059829059
0.7147542735042735
0.7227884615384614
0.7306837606837606
0.7385149572649572
0.7461645299145299
0.7555128205128204
0.7641666666666665
0.7723290598290597
0.782542735042735
0.7927350427350427
0.8035042735042734
0.8151602564102564
0.8264102564102563
0.8366773504273504
0.8455448717948717
0.8539957264957264
0.8613888888888888
0.8686217948717947
0.8744123931623929
0.8799252136752135
0.8848504273504272
0.8887179487179485
0.8922115384615382
0.8952884615384613
0.8978311965811964
0.9000534188034186
0.9020940170940169
0.903696581196581
0.9050106837606836
0.9060149572649571
0.9070833333333331
0.9081944444444442
0.9093910256410254
0.9104059829059826
0.9113675213675211
0.9125747863247861
0.9135683760683758
0.9145726495726493
0.9157585470085468
0.9166132478632476
0.9177457264957263
0.9187927350427348
0.9199358974358972
0.9209508547008545
0.9221260683760681
0.9232692307692305
0.9243803418803416
0.9255982905982902
0.926634615384615
0.9278952991452988
0.9292521367521364
0.93042735042735
0.9318055555555551
0.9336217948717944
0.9355876068376063
0.9379059829059824
0.9405448717948712
0.9433867521367516
0.9464743589743585
0.9494764957264953
0.9524999999999996
0.9547970085470081
0.95667735042735
0.9581623931623927
0.9593803418803414
0.9603952991452986
0.9614743589743585
0.9623504273504269
0.9633547008547003
0.9643803418803414
0.965331196581196
0.9665064102564097
0.9676709401709396
0.9689529914529909
0.9704487179487173
0.9728846153846148
0.9765384615384609
0.9805769230769225
0.9836004273504267
0.9865705128205122
0.9901602564102558
0.9942414529914524
0.9975854700854695
0.9990705128205122
0.9997649572649566
0.9999465811965805
0.9999786324786318
0.9999999999999993
0.9999999999999993
0.9999999999999993
0.9999999999999993
0.9999999999999993
0.9999999999999993
0.9999999999999993
0.9999999999999993
0.9999999999999993
0.9999999999999993
0.9999999999999993
0.9999999999999993
0.9999999999999993
0.9999999999999993
0.9999999999999993
0.9999999999999993
0.9999999999999993
0.9999999999999993
0.9999999999999993
0.9999999999999993
0.9999999999999993
0.9999999999999993
0.9999999999999993
0.9999999999999993
0.9999999999999993
0.9999999999999993
0.9999999999999993
0.9999999999999993
0.9999999999999993
0.9999999999999993
0.9999999999999993
0.9999999999999993
0.9999999999999993
0.9999999999999993
0.9999999999999993
0.9999999999999993
0.9999999999999993
0.9999999999999993
0.9999999999999993
0.9999999999999993
0.9999999999999993
0.9999999999999993
0.9999999999999993
0.9999999999999993
0.9999999999999993
0.9999999999999993
0.9999999999999993
0.9999999999999993
0.9999999999999993
0.9999999999999993
0.9999999999999993
0.9999999999999993
0.9999999999999993
0.9999999999999993
0.9999999999999993
0.9999999999999993
0.9999999999999993
