6.41025641025641E-5
2.777777777777778E-4
9.081196581196581E-4
0.002147435897435898
0.0052350427350427355
0.009284188034188035
0.013717948717948718
0.01886752136752137
0.02403846153846154
0.030032051282051282
0.03592948717948718
0.04224358974358974
0.04802350427350427
0.05428418803418803
0.06049145299145299
0.06677350427350427
0.07297008547008547
0.08
0.08744658119658119
0.09473290598290597
0.1023076923076923
0.10972222222222221
0.11719017094017092
0.124017094017094
0.1305982905982906
0.1377136752136752
0.1439102564102564
0.15012820512820513
0.15650641025641027
0.1623931623931624
0.16840811965811966
0.173482905982906
0.17833333333333334
0.18341880341880343
0.18736111111111112
0.19175213675213676
0.19582264957264958
0.1994017094017094
0.2030982905982906
0.2068482905982906
0.21039529914529914
0.2138568376068376
0.2174465811965812
0.22096153846153846
0.2242628205128205
0.2275747863247863
0.2308974358974359
0.2345619658119658
0.23798076923076922
0.2414102564102564
0.24455128205128204
0.24768162393162393
0.2505448717948718
0.25335470085470085
0.2561217948717949
0.2590491452991453
0.2618589743589744
0.2646581196581197
0.2674786324786325
0.27033119658119664
0.2733653846153847
0.2765277777777778
0.2793910256410257
0.28267094017094024
0.2856623931623932
0.28880341880341887
0.2917628205128206
0.29491452991453
0.2982799145299146
0.30136752136752143
0.30447649572649577
0.3079380341880342
0.3114529914529915
0.31502136752136756
0.3179273504273505
0.3218696581196582
0.3255876068376069
0.32888888888888895
0.33272435897435904
0.3362179487179488
0.33975427350427356
0.3433333333333334
0.34702991452991455
0.35075854700854703
0.35436965811965815
0.3580341880341881
0.36215811965811967
0.36653846153846154
0.3705555555555555
0.3746047008547008
0.3791239316239316
0.3837179487179487
0.38875
0.3936752136752137
0.39871794871794874
0.40379273504273505
0.40917735042735043
0.41425213675213673
0.41965811965811967
0.42541666666666667
0.4312713675213675
0.4375320512820513
0.4435363247863248
0.44977564102564105
0.45664529914529917
0.46311965811965816
0.47040598290598296
0.4775427350427351
0.4843376068376069
0.4910149572649573
0.4974358974358975
0.5036324786324787
0.5094337606837608
0.5153846153846154
0.5220405982905983
0.52866452991453
0.5353632478632478
0.5423183760683761
0.5499145299145299
0.556965811965812
0.5637393162393163
0.5711858974358974
0.5794871794871794
0.5870299145299145
0.5949252136752137
0.602318376068376
0.6094764957264956
0.6169551282051281
0.6251175213675213
0.6330128205128205
0.6414850427350427
0.6499252136752136
0.6586431623931623
0.6674679487179487
0.6764423076923076
0.6854914529914529
0.6933012820512819
0.7007264957264956
0.7079059829059827
0.7152991452991451
0.7220833333333331
0.7299145299145297
0.7379594017094014
0.7451175213675211
0.7515811965811963
0.7587927350427347
0.7658653846153842
0.7734508547008543
0.7807478632478628
0.7894658119658116
0.7981303418803415
0.8073290598290594
0.8175106837606834
0.8285256410256406
0.8401923076923073
0.8516987179487177
0.8626495726495723
0.8719551282051279
0.8800854700854698
0.8877457264957261
0.8949893162393159
0.9026068376068372
0.9108547008547004
0.9187499999999996
0.9270299145299141
0.9353525641025637
0.9432585470085466
0.9500534188034184
0.9555235042735039
0.9591987179487176
0.962350427350427
0.9647329059829056
0.9670940170940168
0.9698076923076919
0.9724572649572646
0.9754487179487176
0.9776495726495723
0.9801068376068373
0.9822008547008544
0.9845726495726492
0.9877136752136748
0.9914209401709397
0.994935897435897
0.997660256410256
0.99917735042735
0.9997756410256406
0.9999145299145296
0.9999893162393159
0.9999999999999997
0.9999999999999997
0.9999999999999997
0.9999999999999997
0.9999999999999997
0.9999999999999997
0.9999999999999997
0.9999999999999997
0.9999999999999997
0.9999999999999997
0.9999999999999997
0.9999999999999997
0.9999999999999997
0.9999999999999997
0.9999999999999997
0.9999999999999997
0.9999999999999997
0.9999999999999997
0.9999999999999997
0.9999999999999997
0.9999999999999997
0.9999999999999997
0.9999999999999997
0.9999999999999997
0.9999999999999997
0.9999999999999997
0.9999999999999997
0.9999999999999997
0.9999999999999997
0.9999999999999997
0.9999999999999997
0.9999999999999997
0.9999999999999997
0.9999999999999997
0.9999999999999997
0.9999999999999997
0.9999999999999997
0.9999999999999997
0.9999999999999997
0.9999999999999997
0.9999999999999997
0.9999999999999997
0.9999999999999997
0.9999999999999997
0.9999999999999997
0.9999999999999997
0.9999999999999997
0.9999999999999997
0.9999999999999997
0.9999999999999997
0.9999999999999997
0.9999999999999997
0.9999999999999997
0.9999999999999997
0.9999999999999997
0.9999999999999997
0.9999999999999997
0.9999999999999997
0.9999999999999997
0.9999999999999997
0.9999999999999997
0.9999999999999997
0.9999999999999997
0.9999999999999997
0.9999999999999997
0.9999999999999997
0.9999999999999997
