1.0683760683760684E-5
2.1367521367521368E-5
3.205128205128205E-5
8.547008547008547E-5
2.9914529914529915E-4
6.517094017094017E-4
0.0011324786324786325
0.0019017094017094018
0.0031730769230769234
0.005202991452991454
0.008472222222222223
0.013012820512820513
0.018408119658119657
0.02469017094017094
0.031559829059829056
0.039519230769230765
0.04740384615384615
0.05520299145299145
0.06377136752136751
0.07191239316239316
0.07993589743589744
0.08869658119658119
0.09728632478632478
0.10675213675213674
0.11696581196581195
0.12835470085470083
0.1419764957264957
0.158258547008547
0.17598290598290597
0.19573717948717947
0.21428418803418803
0.23114316239316238
0.24729700854700853
0.26330128205128206
0.2795726495726496
0.2953098290598291
0.31028846153846157
0.3241880341880342
0.33792735042735045
0.35110042735042735
0.36372863247863246
0.3769230769230769
0.3902457264957265
0.40370726495726494
0.4165384615384615
0.42930555555555555
0.44188034188034186
0.4551709401709402
0.46818376068376066
0.482051282051282
0.49535256410256406
0.5089316239316239
0.5219658119658119
0.5343482905982906
0.5464636752136752
0.5587286324786325
0.5700213675213676
0.5821153846153847
0.5948397435897437
0.6060470085470087
0.6171260683760685
0.6269337606837608
0.6361538461538463
0.6444444444444446
0.651923076923077
0.6595085470085471
0.6671901709401711
0.6746260683760685
0.6821901709401711
0.6887072649572651
0.6933012820512822
0.6978632478632479
0.7016880341880343
0.7055448717948719
0.7087286324786326
0.711388888888889
0.7139423076923077
0.716025641025641
0.7177136752136752
0.719284188034188
0.7204273504273504
0.721378205128205
0.7221153846153845
0.7226175213675212
0.7232051282051281
0.723611111111111
0.7240064102564101
0.7243269230769229
0.724722222222222
0.7249679487179486
0.7251923076923076
0.7253739316239315
0.725619658119658
0.7258226495726494
0.7260576923076921
0.726196581196581
0.726378205128205
0.72650641025641
0.7267414529914528
0.726912393162393
0.7270833333333332
0.7272649572649571
0.727446581196581
0.7276816239316237
0.7278098290598288
0.7280128205128202
0.7282264957264954
0.7284401709401707
0.7285897435897433
0.7287606837606835
0.7288888888888886
0.7290705128205125
0.7292414529914527
0.7294444444444441
0.7296367521367518
0.7297649572649569
0.7299145299145295
0.7300641025641021
0.730160256410256
0.7303205128205124
0.7304380341880338
0.7306837606837603
0.7308333333333329
0.7310042735042731
0.7311965811965808
0.7314743589743586
0.7316132478632476
0.7318376068376066
0.7320192307692305
0.7323183760683758
0.7325106837606835
0.7328205128205125
0.7332264957264955
0.7338461538461536
0.7346047008547006
0.7355235042735041
0.7362606837606835
0.737489316239316
0.7385790598290596
0.7395085470085467
0.7404273504273502
0.7416025641025639
0.7429059829059826
0.7438782051282049
0.7446901709401708
0.7452777777777776
0.7460897435897434
0.7472329059829058
0.7486111111111109
0.7497008547008545
0.7508226495726493
0.7519017094017092
0.753205128205128
0.7546901709401707
0.7566880341880339
0.759401709401709
0.7632158119658116
0.7666987179487176
0.7706623931623928
0.7745512820512818
0.77775641025641
0.7799572649572647
0.782083333333333
0.7843589743589741
0.7870940170940168
0.7908119658119656
0.7961111111111109
0.8031730769230767
0.8124786324786323
0.8234829059829057
0.8339743589743588
0.8449999999999999
0.8558974358974357
0.8684081196581195
0.8842948717948717
0.9056196581196579
0.9270512820512818
0.9475747863247861
0.9679914529914527
0.9839316239316237
0.993066239316239
0.9973931623931621
0.9991880341880339
0.999679487179487
0.9998397435897434
0.999946581196581
0.9999679487179485
0.999989316239316
0.9999999999999998
0.9999999999999998
0.9999999999999998
0.9999999999999998
0.9999999999999998
0.9999999999999998
0.9999999999999998
0.9999999999999998
0.9999999999999998
0.9999999999999998
0.9999999999999998
0.9999999999999998
0.9999999999999998
0.9999999999999998
0.9999999999999998
0.9999999999999998
0.9999999999999998
0.9999999999999998
0.9999999999999998
0.9999999999999998
0.9999999999999998
0.9999999999999998
0.9999999999999998
0.9999999999999998
0.9999999999999998
0.9999999999999998
0.9999999999999998
0.9999999999999998
0.9999999999999998
0.9999999999999998
0.9999999999999998
0.9999999999999998
0.9999999999999998
0.9999999999999998
0.9999999999999998
0.9999999999999998
0.9999999999999998
0.9999999999999998
0.9999999999999998
0.9999999999999998
0.9999999999999998
0.9999999999999998
0.9999999999999998
0.9999999999999998
0.9999999999999998
0.9999999999999998
0.9999999999999998
0.9999999999999998
0.9999999999999998
0.9999999999999998
0.9999999999999998
0.9999999999999998
0.9999999999999998
0.9999999999999998
0.9999999999999998
0.9999999999999998
0.9999999999999998
0.9999999999999998
0.9999999999999998
0.9999999999999998
0.9999999999999998
0.9999999999999998
0.9999999999999998
0.9999999999999998
0.9999999999999998
0.9999999999999998
0.9999999999999998
