0.0
0.0
0.0
0.0
2.1367521367521368E-5
9.615384615384615E-5
2.457264957264957E-4
5.662393162393163E-4
0.001014957264957265
0.0015277777777777779
0.002542735042735043
0.004123931623931624
0.006463675213675214
0.010032051282051282
0.014091880341880341
0.0197008547008547
0.026420940170940172
0.03423076923076923
0.04282051282051282
0.05064102564102564
0.05844017094017094
0.06575854700854701
0.0730982905982906
0.08056623931623931
0.0875534188034188
0.09375
0.10021367521367522
0.10582264957264957
0.11188034188034188
0.11823717948717949
0.12379273504273504
0.1298611111111111
0.13603632478632477
0.1427136752136752
0.14952991452991451
0.15704059829059827
0.16628205128205126
0.17700854700854698
0.1887713675213675
0.2012393162393162
0.21267094017094013
0.22371794871794867
0.23510683760683757
0.24606837606837603
0.2577884615384615
0.2688568376068376
0.2799679487179487
0.2915918803418803
0.30209401709401706
0.31272435897435896
0.3223824786324786
0.3313034188034188
0.33978632478632476
0.3486324786324786
0.35707264957264956
0.3664957264957265
0.37612179487179487
0.3861752136752137
0.39605769230769233
0.4060897435897436
0.4165277777777778
0.4270299145299145
0.4379273504273504
0.44803418803418804
0.4575747863247863
0.4664636752136752
0.47525641025641024
0.4838461538461538
0.4922008547008547
0.5002350427350427
0.5093162393162393
0.5186324786324785
0.528076923076923
0.5368589743589742
0.545213675213675
0.5545405982905981
0.5635790598290596
0.5723717948717947
0.5807799145299143
0.5897863247863245
0.5991987179487177
0.6088782051282049
0.6181837606837605
0.6285897435897434
0.6384188034188032
0.6471260683760681
0.6552350427350425
0.6632158119658117
0.6710363247863245
0.678824786324786
0.6861965811965809
0.6930448717948715
0.6992948717948715
0.7054059829059826
0.7100747863247859
0.7144444444444441
0.7180448717948714
0.7211324786324782
0.7235363247863243
0.7253205128205124
0.7266559829059824
0.7274252136752132
0.7279914529914525
0.7282692307692303
0.7284401709401706
0.7285470085470082
0.7287179487179484
0.7289102564102561
0.7290705128205125
0.7292735042735039
0.7294230769230765
0.7295726495726491
0.7297756410256405
0.7299786324786319
0.7301175213675208
0.7302670940170934
0.7304380341880337
0.7305662393162388
0.730737179487179
0.7308867521367516
0.7310256410256405
0.7312072649572644
0.7313888888888883
0.7315491452991447
0.7317200854700849
0.7319017094017088
0.7320619658119653
0.7322435897435892
0.7324893162393157
0.7327243589743584
0.7330235042735037
0.733322649572649
0.7337606837606833
0.734220085470085
0.7348183760683756
0.7355448717948714
0.7365170940170936
0.7372435897435894
0.738333333333333
0.7395405982905979
0.740566239316239
0.7418269230769228
0.7429273504273501
0.7438995726495724
0.7448824786324784
0.745790598290598
0.7466025641025639
0.7473931623931621
0.7482692307692305
0.7493482905982903
0.750523504273504
0.7516987179487177
0.7529914529914528
0.7547115384615383
0.7571901709401707
0.7609829059829057
0.7663247863247861
0.7713568376068374
0.7756730769230767
0.778696581196581
0.7810470085470084
0.7834615384615383
0.7867521367521366
0.7907799145299144
0.7964743589743588
0.8042521367521366
0.8139957264957264
0.8251388888888888
0.8369978632478631
0.8519658119658118
0.8726709401709399
0.8996260683760682
0.9274893162393161
0.9517094017094015
0.9722863247863246
0.9868376068376067
0.9951175213675212
0.9984188034188033
0.9995619658119657
0.9998397435897435
0.9999572649572649
0.9999893162393162
1.0
1.0
1.0
1.0
1.0
1.0
1.0
1.0
1.0
1.0
1.0
1.0
1.0
1.0
1.0
1.0
1.0
1.0
1.0
1.0
1.0
1.0
1.0
1.0
1.0
1.0
1.0
1.0
1.0
1.0
1.0
1.0
1.0
1.0
1.0
1.0
1.0
1.0
1.0
1.0
1.0
1.0
1.0
1.0
1.0
1.0
1.0
1.0
1.0
1.0
1.0
1.0
1.0
1.0
1.0
1.0
1.0
1.0
1.0
1.0
1.0
1.0
1.0
1.0
1.0
1.0
1.0
1.0
1.0
1.0
1.0
1.0
1.0
