0.0
0.0
0.0
0.0
1.0683760683760684E-5
7.478632478632479E-5
2.457264957264957E-4
5.128205128205128E-4
8.867521367521367E-4
0.0013354700854700855
0.0019444444444444444
0.002873931623931624
0.004647435897435897
0.006602564102564103
0.008985042735042735
0.012094017094017095
0.015844017094017095
0.020395299145299146
0.02532051282051282
0.030737179487179488
0.03576923076923077
0.041303418803418805
0.04628205128205128
0.051527777777777777
0.056463675213675214
0.061196581196581196
0.06615384615384615
0.07057692307692306
0.0752136752136752
0.07925213675213673
0.08300213675213673
0.08659188034188033
0.08985042735042734
0.09278846153846153
0.0954059829059829
0.09802350427350427
0.10027777777777777
0.10220085470085469
0.1043162393162393
0.10635683760683759
0.1081730769230769
0.11030982905982904
0.11231837606837605
0.11435897435897434
0.11643162393162391
0.11864316239316237
0.12096153846153844
0.1233119658119658
0.12589743589743588
0.12908119658119657
0.13273504273504272
0.13721153846153844
0.14221153846153844
0.1473290598290598
0.15286324786324784
0.15944444444444442
0.16664529914529913
0.1745833333333333
0.18261752136752135
0.1903205128205128
0.19777777777777775
0.2052884615384615
0.21272435897435893
0.22056623931623928
0.22841880341880338
0.2355876068376068
0.2432478632478632
0.2501816239316239
0.25742521367521365
0.26473290598290594
0.27147435897435895
0.27883547008547005
0.2858760683760683
0.2932264957264957
0.30024572649572645
0.30755341880341874
0.31417735042735034
0.3206089743589743
0.32770299145299137
0.33456196581196573
0.3409401709401709
0.34700854700854694
0.35285256410256405
0.3592521367521367
0.36584401709401704
0.3722008547008546
0.3787499999999999
0.3853952991452991
0.3919230769230769
0.3991452991452991
0.4051602564102564
0.4121047008547008
0.41869658119658115
0.4248397435897435
0.4313568376068375
0.43697649572649566
0.44318376068376064
0.4487286324786324
0.45470085470085464
0.4605021367521367
0.4667200854700854
0.4727136752136752
0.47897435897435897
0.4854807692307692
0.4919230769230769
0.4986111111111111
0.5057692307692307
0.5123931623931623
0.5189529914529915
0.5260470085470086
0.5333440170940171
0.5416987179487179
0.5494017094017094
0.5569551282051282
0.5643803418803418
0.5721367521367521
0.5795299145299144
0.5863034188034187
0.5934401709401709
0.600352564102564
0.6075427350427349
0.6140491452991452
0.6207158119658119
0.6279487179487179
0.6350534188034187
0.6439316239316238
0.6522435897435896
0.6608867521367521
0.6693696581196581
0.6776495726495726
0.6856730769230769
0.6941452991452991
0.7030982905982905
0.7109294871794871
0.7182264957264957
0.7244337606837606
0.7296688034188034
0.7346581196581196
0.7383760683760683
0.7413782051282051
0.7433119658119658
0.7446794871794872
0.7459722222222223
0.7476495726495727
0.7492841880341881
0.7508867521367522
0.7525961538461539
0.7546367521367522
0.7570299145299145
0.7599572649572649
0.7638995726495726
0.768482905982906
0.773173076923077
0.7768803418803419
0.7800641025641026
0.7828418803418804
0.7858012820512821
0.7891452991452992
0.7938675213675214
0.8005662393162393
0.809818376068376
0.8211965811965811
0.833792735042735
0.8477670940170939
0.8633547008547008
0.8816559829059828
0.9027457264957264
0.9241773504273503
0.9440918803418802
0.9636004273504272
0.9799572649572648
0.9905769230769229
0.996378205128205
0.9989316239316237
0.9997115384615383
0.9998931623931622
0.9999679487179485
0.9999999999999998
0.9999999999999998
0.9999999999999998
0.9999999999999998
0.9999999999999998
0.9999999999999998
0.9999999999999998
0.9999999999999998
0.9999999999999998
0.9999999999999998
0.9999999999999998
0.9999999999999998
0.9999999999999998
0.9999999999999998
0.9999999999999998
0.9999999999999998
0.9999999999999998
0.9999999999999998
0.9999999999999998
0.9999999999999998
0.9999999999999998
0.9999999999999998
0.9999999999999998
0.9999999999999998
0.9999999999999998
0.9999999999999998
0.9999999999999998
0.9999999999999998
0.9999999999999998
0.9999999999999998
0.9999999999999998
0.9999999999999998
0.9999999999999998
0.9999999999999998
0.9999999999999998
0.9999999999999998
0.9999999999999998
0.9999999999999998
0.9999999999999998
0.9999999999999998
0.9999999999999998
0.9999999999999998
0.9999999999999998
0.9999999999999998
0.9999999999999998
0.9999999999999998
0.9999999999999998
0.9999999999999998
0.9999999999999998
0.9999999999999998
0.9999999999999998
0.9999999999999998
0.9999999999999998
0.9999999999999998
0.9999999999999998
0.9999999999999998
0.9999999999999998
0.9999999999999998
0.9999999999999998
0.9999999999999998
0.9999999999999998
0.9999999999999998
0.9999999999999998
0.9999999999999998
0.9999999999999998
0.9999999999999998
0.9999999999999998
0.9999999999999998
0.9999999999999998
0.9999999999999998
0.9999999999999998
0.9999999999999998
0.9999999999999998
0.9999999999999998
0.9999999999999998
0.9999999999999998
0.9999999999999998
0.9999999999999998
