0.0
7.478632478632479E-5
1.1752136752136752E-4
1.4957264957264957E-4
2.3504273504273504E-4
3.525641025641026E-4
5.876068376068377E-4
8.760683760683761E-4
0.0012606837606837606
0.0017521367521367522
0.002564102564102564
0.0038568376068376068
0.005096153846153846
0.00702991452991453
0.009594017094017094
0.012232905982905983
0.015598290598290598
0.019583333333333335
0.02420940170940171
0.028717948717948718
0.0340491452991453
0.04002136752136752
0.04632478632478632
0.0530982905982906
0.06028846153846154
0.06780982905982906
0.07601495726495727
0.08472222222222223
0.09455128205128205
0.10366452991452992
0.1136965811965812
0.12455128205128206
0.135982905982906
0.14748931623931624
0.15988247863247865
0.17175213675213677
0.18379273504273505
0.19600427350427352
0.20751068376068377
0.2196474358974359
0.23083333333333333
0.24178418803418802
0.2522008547008547
0.26237179487179485
0.27247863247863247
0.28185897435897433
0.2906837606837607
0.30004273504273504
0.30935897435897436
0.318974358974359
0.3289209401709402
0.33880341880341885
0.3493376068376069
0.3605982905982907
0.3731517094017095
0.3867628205128206
0.40120726495726505
0.4155555555555557
0.4296581196581198
0.4424465811965813
0.455138888888889
0.46689102564102575
0.4772008547008548
0.48662393162393175
0.49527777777777793
0.5036431623931625
0.5118055555555557
0.5197435897435899
0.5279059829059831
0.5366346153846155
0.5462072649572651
0.5559294871794873
0.565096153846154
0.5744764957264958
0.5837606837606839
0.5926495726495727
0.6019764957264958
0.6098290598290599
0.6173931623931624
0.6255769230769231
0.632948717948718
0.6413888888888889
0.6494123931623932
0.6581730769230769
0.6675641025641026
0.6767307692307692
0.6856410256410257
0.6952457264957266
0.7052670940170941
0.7154594017094018
0.7253311965811967
0.7352243589743591
0.7448076923076925
0.7539957264957267
0.7633226495726497
0.7727243589743591
0.7822008547008548
0.7925854700854702
0.8032692307692308
0.813888888888889
0.8245940170940173
0.832777777777778
0.838354700854701
0.8433012820512822
0.8471794871794873
0.850587606837607
0.8531944444444446
0.855673076923077
0.8576175213675215
0.8589209401709402
0.8600213675213676
0.8607264957264958
0.8612179487179489
0.8616239316239318
0.861837606837607
0.8621901709401711
0.8624038461538464
0.862735042735043
0.8629700854700857
0.8633760683760686
0.8636324786324788
0.8639209401709403
0.8641987179487182
0.864561965811966
0.8648931623931626
0.8652670940170942
0.865544871794872
0.8659401709401712
0.866260683760684
0.8666773504273506
0.8671260683760685
0.86741452991453
0.8678525641025643
0.868311965811966
0.8686004273504275
0.868985042735043
0.8693589743589746
0.8699145299145301
0.8705662393162396
0.8713247863247866
0.8728205128205131
0.874433760683761
0.8760790598290601
0.8778632478632481
0.8798076923076925
0.8817307692307694
0.8839209401709404
0.8860256410256412
0.8883653846153847
0.8902884615384616
0.8925747863247864
0.8948397435897436
0.8966666666666667
0.8980448717948718
0.8992841880341881
0.9013247863247864
0.9035470085470086
0.9057692307692309
0.9083333333333334
0.9111111111111112
0.9140811965811967
0.917638888888889
0.9210576923076924
0.9243162393162394
0.9273183760683762
0.9302884615384617
0.9329594017094018
0.935630341880342
0.938397435897436
0.9411965811965812
0.9441559829059829
0.9475320512820513
0.9513034188034188
0.9565918803418804
0.9640811965811966
0.9737286324786325
0.979241452991453
0.9833867521367522
0.987905982905983
0.9934615384615385
0.996923076923077
0.9990384615384617
0.9997542735042736
0.9999358974358975
0.9999893162393163
0.9999893162393163
0.9999893162393163
0.9999893162393163
0.9999893162393163
0.9999893162393163
0.9999893162393163
0.9999893162393163
0.9999893162393163
0.9999893162393163
0.9999893162393163
0.9999893162393163
0.9999893162393163
0.9999893162393163
0.9999893162393163
0.9999893162393163
0.9999893162393163
0.9999893162393163
0.9999893162393163
0.9999893162393163
0.9999893162393163
0.9999893162393163
0.9999893162393163
0.9999893162393163
0.9999893162393163
0.9999893162393163
0.9999893162393163
0.9999893162393163
0.9999893162393163
0.9999893162393163
0.9999893162393163
0.9999893162393163
0.9999893162393163
0.9999893162393163
0.9999893162393163
0.9999893162393163
0.9999893162393163
0.9999893162393163
0.9999893162393163
0.9999893162393163
0.9999893162393163
0.9999893162393163
0.9999893162393163
0.9999893162393163
0.9999893162393163
0.9999893162393163
0.9999893162393163
0.9999893162393163
0.9999893162393163
0.9999893162393163
0.9999893162393163
0.9999893162393163
0.9999893162393163
0.9999893162393163
0.9999893162393163
0.9999893162393163
0.9999893162393163
0.9999893162393163
0.9999893162393163
0.9999893162393163
0.9999893162393163
0.9999893162393163
0.9999893162393163
0.9999893162393163
0.9999893162393163
0.9999893162393163
0.9999893162393163
0.9999893162393163
0.9999893162393163
0.9999893162393163
0.9999893162393163
