0.0
0.0
0.0
5.341880341880342E-5
6.41025641025641E-5
8.547008547008547E-5
1.4957264957264957E-4
1.923076923076923E-4
2.564102564102564E-4
3.846153846153846E-4
4.914529914529914E-4
7.905982905982905E-4
0.0011004273504273505
0.0015705128205128205
0.0022115384615384614
0.0032478632478632474
0.004433760683760684
0.0059829059829059825
0.00784188034188034
0.010106837606837605
0.01254273504273504
0.015758547008547008
0.018814102564102562
0.022905982905982905
0.02739316239316239
0.032040598290598285
0.036378205128205124
0.04159188034188034
0.04696581196581197
0.05248931623931624
0.05855769230769231
0.06435897435897436
0.07069444444444445
0.07727564102564102
0.08330128205128205
0.08927350427350428
0.09552350427350428
0.10190170940170941
0.1083440170940171
0.11445512820512821
0.12088675213675214
0.12742521367521367
0.1336965811965812
0.13974358974358975
0.14680555555555555
0.15288461538461537
0.159508547008547
0.16528846153846152
0.1711645299145299
0.17772435897435895
0.1840705128205128
0.1910790598290598
0.19799145299145296
0.2052884615384615
0.21272435897435893
0.22019230769230766
0.22814102564102562
0.23610042735042733
0.24399572649572648
0.2520192307692308
0.25995726495726496
0.26758547008547007
0.2758760683760684
0.28264957264957263
0.2899679487179487
0.29693376068376065
0.30371794871794866
0.31016025641025635
0.3164850427350427
0.3227243589743589
0.3289529914529914
0.3355021367521367
0.3418589743589743
0.34803418803418795
0.35440170940170934
0.36114316239316235
0.3684935897435897
0.37623931623931617
0.38391025641025633
0.39230769230769225
0.4014743589743589
0.4110470085470085
0.42204059829059826
0.43456196581196577
0.4482478632478632
0.4614209401709401
0.4743803418803418
0.4876175213675213
0.4993482905982905
0.5093696581196581
0.518301282051282
0.5266452991452991
0.5340491452991453
0.5419764957264956
0.5497329059829059
0.5579380341880341
0.5654380341880341
0.5739316239316238
0.5827457264957263
0.5919444444444443
0.600972222222222
0.6100213675213673
0.6192521367521365
0.6284188034188032
0.63650641025641
0.6446047008547006
0.6523824786324783
0.6610897435897433
0.67034188034188
0.6794230769230766
0.6884829059829056
0.6974572649572646
0.7071367521367518
0.7165277777777774
0.726367521367521
0.7367094017094014
0.7466880341880339
0.756410256410256
0.7649786324786321
0.7730448717948714
0.7813461538461534
0.7890277777777773
0.7968482905982901
0.8062713675213671
0.8164957264957261
0.8285256410256406
0.838600427350427
0.8470512820512817
0.8531196581196577
0.8579380341880338
0.861100427350427
0.8632051282051278
0.8646901709401705
0.8657799145299141
0.8662927350427346
0.8667094017094013
0.867168803418803
0.8675961538461534
0.8680021367521363
0.8683867521367518
0.8687499999999996
0.8690918803418799
0.8695940170940166
0.8700534188034184
0.870737179487179
0.8716452991452986
0.8733653846153842
0.8749679487179483
0.8768269230769226
0.8785149572649568
0.8803311965811961
0.882745726495726
0.8850961538461534
0.8873397435897431
0.8895085470085465
0.8918162393162389
0.8942521367521363
0.8964743589743586
0.8982478632478629
0.9000854700854697
0.9025213675213671
0.905117521367521
0.9076175213675209
0.9104807692307688
0.9133333333333329
0.9163995726495722
0.9195619658119654
0.9230769230769227
0.9262713675213672
0.9292094017094014
0.931858974358974
0.9348611111111108
0.9376068376068373
0.9405982905982903
0.943782051282051
0.9479059829059826
0.9538995726495724
0.9624999999999997
0.9712713675213672
0.977532051282051
0.9832585470085468
0.9898824786324784
0.9947435897435895
0.9979166666666663
0.9993269230769227
0.999807692307692
0.9999252136752134
0.9999999999999997
0.9999999999999997
0.9999999999999997
0.9999999999999997
0.9999999999999997
0.9999999999999997
0.9999999999999997
0.9999999999999997
0.9999999999999997
0.9999999999999997
0.9999999999999997
0.9999999999999997
0.9999999999999997
0.9999999999999997
0.9999999999999997
0.9999999999999997
0.9999999999999997
0.9999999999999997
0.9999999999999997
0.9999999999999997
0.9999999999999997
0.9999999999999997
0.9999999999999997
0.9999999999999997
0.9999999999999997
0.9999999999999997
0.9999999999999997
0.9999999999999997
0.9999999999999997
0.9999999999999997
0.9999999999999997
0.9999999999999997
0.9999999999999997
0.9999999999999997
0.9999999999999997
0.9999999999999997
0.9999999999999997
0.9999999999999997
0.9999999999999997
0.9999999999999997
0.9999999999999997
0.9999999999999997
0.9999999999999997
0.9999999999999997
0.9999999999999997
0.9999999999999997
0.9999999999999997
0.9999999999999997
0.9999999999999997
0.9999999999999997
0.9999999999999997
0.9999999999999997
0.9999999999999997
0.9999999999999997
0.9999999999999997
0.9999999999999997
0.9999999999999997
0.9999999999999997
0.9999999999999997
0.9999999999999997
0.9999999999999997
0.9999999999999997
0.9999999999999997
0.9999999999999997
0.9999999999999997
0.9999999999999997
0.9999999999999997
0.9999999999999997
