0.0
0.0
0.0
0.0
0.0
0.0
0.0
1.0683760683760684E-5
2.1367521367521368E-5
4.2735042735042735E-5
1.282051282051282E-4
2.2435897435897436E-4
3.846153846153846E-4
5.235042735042735E-4
8.226495726495727E-4
0.0011324786324786325
0.0017628205128205128
0.0025213675213675213
0.003450854700854701
0.0043055555555555555
0.005277777777777778
0.006420940170940171
0.007788461538461538
0.00923076923076923
0.011164529914529913
0.013183760683760683
0.015502136752136752
0.018215811965811967
0.02126068376068376
0.02462606837606838
0.027735042735042736
0.031132478632478634
0.034722222222222224
0.038183760683760684
0.041784188034188034
0.04555555555555556
0.049284188034188034
0.05321581196581197
0.05696581196581196
0.06068376068376068
0.06469017094017093
0.0684508547008547
0.07244658119658119
0.07618589743589743
0.07997863247863247
0.08327991452991453
0.08705128205128204
0.0905662393162393
0.09433760683760682
0.097767094017094
0.10123931623931623
0.10464743589743589
0.10815170940170939
0.11155982905982904
0.11520299145299144
0.11858974358974357
0.12180555555555554
0.1252457264957265
0.1288888888888889
0.13240384615384615
0.13583333333333333
0.13900641025641025
0.14275641025641025
0.14654914529914528
0.15038461538461537
0.15384615384615383
0.15739316239316237
0.1613782051282051
0.16517094017094014
0.16894230769230767
0.1729594017094017
0.17663461538461536
0.18052350427350425
0.18432692307692305
0.18848290598290596
0.19294871794871793
0.19721153846153844
0.20154914529914528
0.20638888888888887
0.21150641025641023
0.2164850427350427
0.22210470085470083
0.2273290598290598
0.2328952991452991
0.2387072649572649
0.24462606837606832
0.25039529914529907
0.2556944444444444
0.2615064102564102
0.26730769230769225
0.27317307692307685
0.2788888888888888
0.28449786324786314
0.29079059829059817
0.2972970085470084
0.30392094017094
0.31118589743589725
0.31813034188034167
0.32525641025641006
0.3322329059829058
0.33916666666666645
0.3462820512820511
0.35300213675213654
0.3593162393162391
0.36597222222222203
0.3721153846153844
0.37899572649572627
0.3857585470085468
0.39348290598290575
0.40166666666666645
0.4106517094017092
0.42082264957264937
0.4306944444444442
0.4408333333333331
0.45107905982905955
0.46126068376068347
0.4708760683760681
0.4802136752136749
0.4893376068376065
0.4980876068376065
0.5072222222222219
0.5161111111111107
0.5250534188034184
0.5335790598290594
0.5414743589743586
0.5488568376068372
0.5558440170940168
0.5624038461538459
0.5691025641025638
0.5762286324786321
0.5833012820512816
0.5904594017094013
0.5973717948717944
0.6057264957264952
0.6142521367521362
0.6232478632478626
0.6321260683760678
0.6402777777777772
0.6486858974358968
0.6574999999999993
0.666260683760683
0.6751602564102557
0.6838034188034181
0.6928952991452985
0.7032371794871788
0.7142735042735036
0.7251282051282044
0.7363461538461531
0.7476495726495719
0.7586217948717942
0.7693482905982899
0.7799679487179481
0.7902670940170934
0.8004487179487173
0.8099786324786318
0.8195726495726489
0.8292628205128199
0.838899572649572
0.8488247863247858
0.8597435897435892
0.8706517094017089
0.8821260683760679
0.891314102564102
0.8996901709401705
0.9068803418803414
0.9143910256410251
0.9200641025641021
0.924935897435897
0.9286217948717944
0.9317307692307688
0.9347970085470081
0.9379594017094013
0.9414209401709398
0.9454594017094013
0.9510149572649569
0.9585683760683756
0.9668910256410252
0.9734829059829055
0.9778525641025637
0.9823717948717945
0.9874786324786321
0.9933653846153843
0.9970512820512817
0.9991666666666663
0.999764957264957
0.9999679487179484
0.9999999999999997
0.9999999999999997
0.9999999999999997
0.9999999999999997
0.9999999999999997
0.9999999999999997
0.9999999999999997
0.9999999999999997
0.9999999999999997
0.9999999999999997
0.9999999999999997
0.9999999999999997
0.9999999999999997
0.9999999999999997
0.9999999999999997
0.9999999999999997
0.9999999999999997
0.9999999999999997
0.9999999999999997
0.9999999999999997
0.9999999999999997
0.9999999999999997
0.9999999999999997
0.9999999999999997
0.9999999999999997
0.9999999999999997
0.9999999999999997
0.9999999999999997
0.9999999999999997
0.9999999999999997
0.9999999999999997
0.9999999999999997
0.9999999999999997
0.9999999999999997
0.9999999999999997
0.9999999999999997
0.9999999999999997
0.9999999999999997
0.9999999999999997
0.9999999999999997
0.9999999999999997
0.9999999999999997
0.9999999999999997
0.9999999999999997
0.9999999999999997
0.9999999999999997
0.9999999999999997
0.9999999999999997
0.9999999999999997
0.9999999999999997
0.9999999999999997
0.9999999999999997
0.9999999999999997
0.9999999999999997
0.9999999999999997
0.9999999999999997
0.9999999999999997
0.9999999999999997
0.9999999999999997
0.9999999999999997
0.9999999999999997
0.9999999999999997
0.9999999999999997
0.9999999999999997
0.9999999999999997
0.9999999999999997
0.9999999999999997
0.9999999999999997
0.9999999999999997
