1.0683760683760684E-5
9.615384615384615E-5
2.9914529914529915E-4
8.44017094017094E-4
0.0018696581196581195
0.0042414529914529915
0.00797008547008547
0.013215811965811966
0.019604700854700854
0.026784188034188035
0.034561965811965814
0.0421474358974359
0.049561965811965814
0.05712606837606838
0.06516025641025641
0.07239316239316239
0.08074786324786325
0.09041666666666667
0.09945512820512821
0.10835470085470086
0.11761752136752138
0.1266346153846154
0.1365811965811966
0.14554487179487183
0.1543589743589744
0.16317307692307695
0.17145299145299148
0.17996794871794874
0.18879273504273508
0.19811965811965815
0.20787393162393164
0.2186217948717949
0.22936965811965815
0.24040598290598295
0.2511217948717949
0.2625641025641026
0.27380341880341885
0.2851282051282052
0.2968589743589744
0.3091132478632479
0.32149572649572655
0.33291666666666675
0.34460470085470096
0.35646367521367534
0.3687820512820514
0.38145299145299155
0.39449786324786335
0.40800213675213687
0.42173076923076935
0.43522435897435907
0.4480448717948719
0.46113247863247875
0.4736752136752138
0.48660256410256425
0.4987606837606839
0.510405982905983
0.5227243589743591
0.535053418803419
0.5471474358974361
0.5596260683760685
0.5717735042735045
0.5840384615384617
0.595277777777778
0.6050641025641028
0.6148824786324789
0.624476495726496
0.6338141025641029
0.6430555555555558
0.6530235042735045
0.663269230769231
0.673141025641026
0.6833119658119662
0.6941987179487183
0.7040277777777781
0.713141025641026
0.7229059829059833
0.7325213675213679
0.7418269230769234
0.7512286324786328
0.7602029914529917
0.7689636752136755
0.7781517094017096
0.7863782051282053
0.7940384615384617
0.8020085470085472
0.8094551282051283
0.8161858974358975
0.8222756410256411
0.8267841880341881
0.8310149572649573
0.8348076923076924
0.8378739316239316
0.8405876068376068
0.8427457264957264
0.844059829059829
0.8452350427350427
0.8459935897435897
0.846741452991453
0.8471474358974359
0.8474893162393162
0.8477991452991452
0.8480128205128205
0.8482905982905983
0.8485683760683761
0.8488782051282051
0.8491880341880341
0.8496047008547007
0.849861111111111
0.8501175213675212
0.8503418803418802
0.8505235042735041
0.8507371794871793
0.8510470085470083
0.8512606837606835
0.8514850427350426
0.8516666666666665
0.8520726495726494
0.8524358974358972
0.8526602564102562
0.8528952991452989
0.853119658119658
0.853386752136752
0.853611111111111
0.8538675213675212
0.8541025641025639
0.8543269230769229
0.8545405982905981
0.8547008547008546
0.8549786324786324
0.8551602564102563
0.8553418803418802
0.8555555555555554
0.8556944444444443
0.855886752136752
0.8562072649572648
0.8564636752136751
0.856645299145299
0.8570405982905981
0.8573397435897434
0.8576388888888887
0.8580982905982905
0.858611111111111
0.8591132478632477
0.8596474358974358
0.8603632478632477
0.8614957264957264
0.8624999999999998
0.8638888888888887
0.8653418803418802
0.8669978632478631
0.8690811965811964
0.871869658119658
0.8752991452991452
0.8787393162393161
0.8819658119658118
0.8849786324786323
0.8871047008547006
0.8885256410256408
0.8899038461538459
0.8911538461538459
0.8924679487179484
0.8941239316239313
0.8967628205128202
0.9009401709401706
0.9058012820512817
0.9108012820512817
0.9161217948717946
0.9205235042735039
0.9243589743589741
0.9277029914529912
0.9310363247863245
0.9347222222222219
0.9384401709401706
0.942799145299145
0.9483867521367518
0.9554166666666664
0.9637927350427348
0.9712713675213672
0.9786431623931621
0.9866666666666664
0.993066239316239
0.9971688034188032
0.9988675213675211
0.9995512820512817
0.9998290598290596
0.9999572649572647
0.9999679487179485
0.999989316239316
0.999989316239316
0.999989316239316
0.999989316239316
0.999989316239316
0.999989316239316
0.999989316239316
0.999989316239316
0.999989316239316
0.999989316239316
0.999989316239316
0.999989316239316
0.999989316239316
0.999989316239316
0.999989316239316
0.999989316239316
0.999989316239316
0.999989316239316
0.999989316239316
0.999989316239316
0.999989316239316
0.999989316239316
0.999989316239316
0.999989316239316
0.999989316239316
0.999989316239316
0.999989316239316
0.999989316239316
0.999989316239316
0.999989316239316
0.999989316239316
0.999989316239316
0.999989316239316
0.999989316239316
0.999989316239316
0.999989316239316
0.999989316239316
0.999989316239316
0.999989316239316
0.999989316239316
0.999989316239316
0.999989316239316
0.999989316239316
0.999989316239316
0.999989316239316
0.999989316239316
0.999989316239316
0.999989316239316
0.999989316239316
0.999989316239316
0.999989316239316
0.999989316239316
0.999989316239316
0.999989316239316
0.999989316239316
0.999989316239316
0.999989316239316
0.999989316239316
0.999989316239316
0.999989316239316
0.999989316239316
0.999989316239316
0.999989316239316
0.999989316239316
0.999989316239316
0.999989316239316
0.999989316239316
0.999989316239316
