0.0
2.1367521367521368E-5
1.388888888888889E-4
2.02991452991453E-4
3.846153846153846E-4
5.021367521367521E-4
6.196581196581196E-4
0.001079059829059829
0.0017414529914529914
0.003076923076923077
0.005523504273504273
0.009391025641025641
0.014284188034188034
0.019679487179487178
0.025395299145299144
0.03205128205128205
0.03821581196581196
0.04398504273504273
0.04963675213675213
0.05606837606837606
0.06221153846153845
0.0681196581196581
0.07397435897435896
0.08032051282051281
0.08654914529914529
0.09298076923076921
0.10003205128205127
0.10707264957264956
0.1142628205128205
0.12178418803418802
0.12858974358974357
0.13525641025641022
0.14233974358974355
0.1487179487179487
0.15454059829059827
0.16052350427350426
0.16610042735042735
0.17148504273504273
0.1769017094017094
0.18201923076923077
0.18682692307692308
0.19207264957264958
0.19771367521367522
0.20277777777777778
0.20847222222222223
0.21414529914529915
0.22032051282051282
0.22616452991452993
0.2323931623931624
0.23915598290598292
0.24551282051282053
0.2519337606837607
0.25836538461538466
0.26450854700854703
0.27053418803418805
0.2766239316239316
0.2823611111111111
0.2880982905982906
0.29392094017094017
0.3005128205128205
0.3071794871794872
0.3141880341880342
0.32123931623931623
0.3277136752136752
0.3345940170940171
0.3414850427350427
0.34802350427350426
0.3545833333333333
0.3613461538461538
0.36835470085470085
0.37564102564102564
0.38289529914529913
0.3903739316239316
0.39780982905982903
0.4058653846153846
0.41445512820512814
0.42357905982905975
0.43307692307692297
0.4427670940170939
0.4536965811965811
0.46405982905982895
0.4742841880341879
0.4843482905982905
0.49446581196581185
0.5052670940170939
0.5163888888888888
0.5280128205128204
0.5398397435897435
0.5513141025641025
0.5634722222222222
0.5749252136752137
0.5862179487179487
0.5974038461538462
0.6092094017094017
0.62116452991453
0.6333547008547009
0.6453205128205128
0.6572756410256411
0.6692841880341881
0.6804594017094018
0.69241452991453
0.704465811965812
0.7160149572649573
0.7272222222222223
0.7377136752136754
0.7477136752136754
0.7577243589743592
0.7671901709401712
0.7772756410256413
0.7873611111111114
0.7968803418803422
0.8063461538461542
0.8155128205128208
0.823675213675214
0.831399572649573
0.8369123931623935
0.8417094017094021
0.8456623931623936
0.8489743589743594
0.8515277777777781
0.8534401709401712
0.8550961538461541
0.8563888888888892
0.8570940170940174
0.8575961538461542
0.8578632478632482
0.8581303418803422
0.85840811965812
0.8586538461538465
0.8588675213675218
0.8590491452991457
0.8593162393162397
0.85965811965812
0.8598290598290602
0.8600320512820516
0.8602777777777781
0.8605341880341884
0.8607799145299149
0.8610790598290602
0.8613247863247867
0.8615918803418807
0.8618162393162397
0.8621688034188039
0.8627136752136757
0.8633547008547013
0.8639636752136757
0.864797008547009
0.8655235042735048
0.8664423076923082
0.8674679487179493
0.8687286324786331
0.8702670940170946
0.8726282051282057
0.8755555555555561
0.8787713675213681
0.8825961538461544
0.8858333333333339
0.8879914529914535
0.889754273504274
0.8909935897435903
0.8925534188034194
0.8943055555555561
0.8966666666666673
0.899807692307693
0.9038141025641032
0.9082585470085477
0.9126282051282059
0.9165811965811973
0.9197542735042742
0.9228846153846161
0.9252884615384622
0.927393162393163
0.9302777777777784
0.9328632478632485
0.9358867521367528
0.9387072649572655
0.9422008547008552
0.9476068376068382
0.9544764957264963
0.962393162393163
0.9699893162393168
0.9778632478632484
0.9868589743589748
0.993418803418804
0.9972329059829065
0.9991239316239321
0.9997115384615389
0.9999145299145303
0.999978632478633
0.9999893162393168
1.0000000000000004
1.0000000000000004
1.0000000000000004
1.0000000000000004
1.0000000000000004
1.0000000000000004
1.0000000000000004
1.0000000000000004
1.0000000000000004
1.0000000000000004
1.0000000000000004
1.0000000000000004
1.0000000000000004
1.0000000000000004
1.0000000000000004
1.0000000000000004
1.0000000000000004
1.0000000000000004
1.0000000000000004
1.0000000000000004
1.0000000000000004
1.0000000000000004
1.0000000000000004
1.0000000000000004
1.0000000000000004
1.0000000000000004
1.0000000000000004
1.0000000000000004
1.0000000000000004
1.0000000000000004
1.0000000000000004
1.0000000000000004
1.0000000000000004
1.0000000000000004
1.0000000000000004
1.0000000000000004
1.0000000000000004
1.0000000000000004
1.0000000000000004
1.0000000000000004
1.0000000000000004
1.0000000000000004
1.0000000000000004
1.0000000000000004
1.0000000000000004
1.0000000000000004
1.0000000000000004
1.0000000000000004
1.0000000000000004
1.0000000000000004
1.0000000000000004
1.0000000000000004
1.0000000000000004
1.0000000000000004
1.0000000000000004
1.0000000000000004
1.0000000000000004
1.0000000000000004
1.0000000000000004
1.0000000000000004
1.0000000000000004
1.0000000000000004
1.0000000000000004
1.0000000000000004
1.0000000000000004
