0.0
0.0
8.547008547008547E-5
1.4957264957264957E-4
2.457264957264957E-4
3.846153846153846E-4
6.196581196581197E-4
0.0010363247863247865
0.0016666666666666668
0.00280982905982906
0.004412393162393162
0.0067200854700854695
0.009583333333333333
0.012841880341880342
0.016335470085470087
0.019935897435897437
0.023525641025641027
0.027297008547008547
0.03142094017094017
0.03538461538461539
0.039433760683760685
0.04356837606837607
0.0477457264957265
0.05181623931623932
0.05599358974358975
0.0602457264957265
0.06405982905982907
0.06783119658119659
0.07205128205128206
0.07606837606837608
0.08050213675213676
0.08507478632478634
0.08957264957264958
0.09443376068376069
0.0988888888888889
0.10382478632478634
0.10852564102564104
0.11340811965811967
0.11752136752136753
0.12195512820512822
0.12576923076923077
0.13001068376068375
0.13370726495726495
0.13680555555555554
0.1399145299145299
0.1428205128205128
0.14513888888888887
0.14768162393162393
0.1503311965811966
0.15282051282051284
0.1555448717948718
0.15794871794871795
0.16034188034188035
0.1630128205128205
0.16597222222222222
0.16905982905982905
0.17198717948717948
0.17490384615384616
0.1783974358974359
0.18180555555555555
0.18486111111111111
0.1884508547008547
0.1920405982905983
0.19597222222222224
0.19939102564102565
0.20318376068376068
0.2061645299145299
0.20988247863247864
0.21348290598290598
0.21743589743589742
0.2212713675213675
0.22517094017094014
0.22900641025641022
0.2328952991452991
0.2369444444444444
0.24092948717948715
0.24467948717948715
0.24885683760683758
0.25279914529914527
0.25693376068376067
0.2610683760683761
0.2659722222222222
0.27048076923076925
0.27485042735042736
0.27985042735042737
0.2844551282051282
0.2889850427350427
0.2939850427350427
0.29867521367521366
0.30290598290598286
0.3078418803418803
0.3128205128205128
0.3175747863247863
0.32261752136752136
0.32740384615384616
0.3328098290598291
0.3383119658119658
0.3441452991452992
0.3498076923076923
0.3560683760683761
0.3619123931623932
0.3684294871794872
0.37433760683760686
0.38178418803418807
0.38954059829059834
0.39728632478632486
0.40572649572649583
0.41396367521367533
0.42148504273504284
0.4303205128205129
0.43879273504273514
0.44818376068376076
0.45638888888888896
0.4655555555555556
0.47472222222222227
0.4840170940170941
0.4932585470085471
0.5020299145299146
0.5107158119658121
0.5191666666666668
0.5276923076923078
0.5364102564102565
0.5444658119658121
0.5529914529914531
0.5621581196581198
0.5718910256410258
0.580897435897436
0.5911965811965814
0.6021153846153848
0.613044871794872
0.6248717948717951
0.636303418803419
0.6479059829059831
0.659252136752137
0.6703098290598293
0.6805662393162395
0.6907692307692309
0.700587606837607
0.7095726495726498
0.7178739316239318
0.7270940170940172
0.7361431623931625
0.7452457264957265
0.7548076923076923
0.764775641025641
0.7756730769230769
0.7876923076923076
0.8000534188034187
0.8127350427350427
0.8258760683760683
0.8380448717948717
0.8488141025641025
0.8586965811965811
0.8670512820512819
0.8740491452991451
0.8798504273504272
0.8849999999999998
0.8903205128205126
0.89517094017094
0.8999252136752135
0.9043376068376067
0.9086217948717947
0.9127991452991452
0.9164102564102563
0.919369658119658
0.9221688034188033
0.9245192307692306
0.9268589743589741
0.9294764957264955
0.9316559829059826
0.9336965811965809
0.9357264957264955
0.9381730769230766
0.940747863247863
0.94400641025641
0.9489743589743587
0.9549145299145296
0.9619230769230767
0.9679166666666664
0.973963675213675
0.9821153846153844
0.9897008547008544
0.9951495726495724
0.9981410256410254
0.9993055555555552
0.9997435897435895
0.9998931623931621
0.9999893162393159
0.9999893162393159
0.9999999999999997
0.9999999999999997
0.9999999999999997
0.9999999999999997
0.9999999999999997
0.9999999999999997
0.9999999999999997
0.9999999999999997
0.9999999999999997
0.9999999999999997
0.9999999999999997
0.9999999999999997
0.9999999999999997
0.9999999999999997
0.9999999999999997
0.9999999999999997
0.9999999999999997
0.9999999999999997
0.9999999999999997
0.9999999999999997
0.9999999999999997
0.9999999999999997
0.9999999999999997
0.9999999999999997
0.9999999999999997
0.9999999999999997
0.9999999999999997
0.9999999999999997
0.9999999999999997
0.9999999999999997
0.9999999999999997
0.9999999999999997
0.9999999999999997
0.9999999999999997
0.9999999999999997
0.9999999999999997
0.9999999999999997
0.9999999999999997
0.9999999999999997
0.9999999999999997
0.9999999999999997
0.9999999999999997
0.9999999999999997
0.9999999999999997
0.9999999999999997
0.9999999999999997
0.9999999999999997
0.9999999999999997
0.9999999999999997
0.9999999999999997
0.9999999999999997
0.9999999999999997
0.9999999999999997
0.9999999999999997
0.9999999999999997
0.9999999999999997
0.9999999999999997
0.9999999999999997
0.9999999999999997
0.9999999999999997
0.9999999999999997
0.9999999999999997
0.9999999999999997
0.9999999999999997
0.9999999999999997
0.9999999999999997
